Training mean_values:[[0.22651606 0.28676218 0.23280623 0.4252046  0.36872831]], std_values:[[0.11427596 0.1197355  0.12576549 0.16482459 0.141827  ]] 
train_512
dice_metric: 0.796738, std: 0.309570 
jaccard_metric: 0.742351, std: 0.317763  
val_512
dice_metric: 0.773312, std: 0.321720 
jaccard_metric: 0.715461, std: 0.330413  
test_512
dice_metric: 0.812752, std: 0.300642 
jaccard_metric: 0.761900, std: 0.311112  
