Training mean_values:[[0.22651606 0.28676218 0.23280623 0.4252046  0.36872831]], std_values:[[0.11427596 0.1197355  0.12576549 0.16482459 0.141827  ]] 
train_512
dice_metric: 0.828658, std: 0.292195 
jaccard_metric: 0.781418, std: 0.301783  
val_512
dice_metric: 0.804482, std: 0.309288 
jaccard_metric: 0.753785, std: 0.318251  
test_512
dice_metric: 0.823305, std: 0.303833 
jaccard_metric: 0.779394, std: 0.313613  
