Training mean_values:[[0.22651606 0.28676218 0.23280623 0.4252046  0.36872831]], std_values:[[0.11427596 0.1197355  0.12576549 0.16482459 0.141827  ]] 
train_512
dice_metric: 0.805028, std: 0.304654 
jaccard_metric: 0.752118, std: 0.313454  
val_512
dice_metric: 0.785193, std: 0.313020 
jaccard_metric: 0.727722, std: 0.322271  
test_512
dice_metric: 0.811238, std: 0.304287 
jaccard_metric: 0.761535, std: 0.314572  
