Training mean_values:[[0.22651606 0.28676218 0.23280623 0.4252046  0.36872831]], std_values:[[0.11427596 0.1197355  0.12576549 0.16482459 0.141827  ]] 
train_512
dice_metric: 0.694919, std: 0.367485 
jaccard_metric: 0.633065, std: 0.363321  
val_512
dice_metric: 0.652434, std: 0.384345 
jaccard_metric: 0.589811, std: 0.375695  
test_512
dice_metric: 0.688241, std: 0.379046 
jaccard_metric: 0.631138, std: 0.374160  
