Training mean_values:[[0.22651606 0.28676218 0.23280623]], std_values:[[0.11427596 0.1197355  0.12576549]] 
train_512
dice_metric: 0.783234, std: 0.316600 
jaccard_metric: 0.726461, std: 0.324787  
val_512
dice_metric: 0.743464, std: 0.341550 
jaccard_metric: 0.684977, std: 0.348883  
test_512
dice_metric: 0.789858, std: 0.319028 
jaccard_metric: 0.737645, std: 0.327476  
